202,24
45.3298,45.4243,45.3382,45.28,45.4195,45.4627,44.857,45.1787,44.9409,45.1112,45.1656,45.0963,45.0865,45.0025,43.9192,44.0418,44.1649,44.0705,44.4279,45.173,45.408,45.386,45.3301,45.2986,45.4391
45.449,45.5856,45.2975,45.4403,45.2576,44.8563,45.1282,44.8581,45.0312,45.168,45.0926,45.1131,45.2084,43.9349,44.0537,43.7456,43.7885,44.4161,44.5441,45.4063,45.3838,45.3618,45.1602,45.1311,45.3561
45.62,45.84,45.4576,45.6005,44.9674,45.1275,44.8665,45.0381,45.0921,45.0912,45.1407,45.2235,44.7612,44.0695,43.7697,44.1426,44.1482,44.5368,45.4039,45.382,45.3595,45.3375,45.4992,45.37,45.4874
45.8695,45.2513,45.6178,45.4322,45.052,44.8668,45.0453,45.099,45.0236,45.1512,45.2391,44.8587,43.894,44.196,44.1684,44.4244,44.608,45.402,45.3796,45.3578,45.3352,45.1902,45.4199,45.4802,45.4009
45.27,45.4116,45.4747,44.8674,45.1419,45.0512,45.1062,45.1599,45.1419,45.245,44.9599,43.9074,44.0286,43.6833,44.435,45.0779,44.6591,45.3777,45.3553,45.3623,45.1811,45.3874,45.4728,45.3937,45.5044
45.4302,45.266,44.8519,45.1406,44.9351,45.1121,45.1671,45.0959,45.0146,44.9974,43.9213,44.042,44.1632,44.07,45.247,45.1853,45.4091,45.3534,45.3311,45.3276,45.4214,45.409,45.3863,45.5424,45.5979
45.2372,44.963,45.1222,44.8613,45.033,45.1671,45.0917,45.1158,45.0602,43.9357,44.0559,44.1766,43.7942,44.4149,45.1421,45.407,45.3848,45.3308,45.1643,45.1724,45.4123,45.4996,45.3002,45.5875,45.7012
44.9782,45.0546,44.8691,45.0409,45.0939,45.0916,45.1474,45.225,44.037,44.0703,44.1905,43.7488,44.1524,44.536,45.4049,45.3827,45.3606,45.1632,45.484,45.3601,45.4916,45.4131,45.3505,45.7236,45.7019
45.0458,45.1316,45.0475,45.1018,45.022,45.1478,45.2429,44.8685,43.8934,44.1952,43.702,44.1187,44.6184,45.402,45.3806,45.3585,45.3363,45.4881,45.4184,45.4854,45.4051,45.3266,45.6402,45.695,45.7046
45.1668,44.944,45.1083,45.1626,45.1414,45.2431,44.9842,43.9088,44.028,43.6856,44.0837,44.5348,44.6655,45.3777,45.3563,45.3465,45.1854,45.4188,45.4767,45.3989,45.3186,45.413,45.6102,45.6616,45.7064
44.9136,45.0299,45.1692,45.0943,45.0087,44.985,43.9235,44.0434,43.7365,44.0638,44.4484,44.6123,45.4094,45.3535,45.3984,45.341,45.4056,45.47,45.3902,45.5155,45.394,45.6674,45.7298,45.7131,45.7865
45.037,45.0908,45.0905,45.1278,45.0609,43.9377,44.057,44.178,44.1325,44.3997,44.5571,45.407,45.3851,45.3308,45.2976,45.1918,45.4108,45.3835,45.3037,45.5948,45.6591,45.6319,45.7201,45.7932,45.6479
45.0979,45.0246,45.1566,45.2317,44.0329,44.0722,43.7514,43.7444,44.4202,44.5264,45.4045,45.3827,45.3608,45.1631,45.1306,45.3554,45.4953,45.303,45.3588,45.7079,45.6253,45.7026,45.8002,45.6376,45.5792
45.0158,45.1422,45.2481,44.912,43.8974,44.1934,44.1486,44.1154,45.0097,45.4025,45.3802,45.3584,45.3366,45.4885,45.3699,45.4879,45.4088,45.3569,45.6438,45.6999,45.7109,45.6952,45.8798,45.6083,45.5817
45.1398,45.018,45.0179,43.9148,44.032,43.6912,44.4268,44.5266,45.203,45.3782,45.3559,45.3342,45.1865,45.4189,45.4802,45.4014,45.3223,45.643,45.613,45.6915,45.7027,45.7753,45.6898,45.5406,45.4171
44.9868,45.0597,43.9293,44.0493,43.7381,44.0759,45.1137,44.6071,45.4095,45.3539,45.3317,45.1768,45.4011,45.4701,45.3937,45.5025,45.4027,45.6124,45.7262,45.7085,45.7828,45.8554,45.4601,45.4359,45.7314
45.0637,44.0394,44.0638,44.1839,44.1343,44.4294,45.1766,45.4067,45.3852,45.3303,45.1667,45.4376,45.4104,45.3835,45.5404,45.5984,45.6629,45.727,45.7165,45.7885,45.8629,45.6736,45.7492,45.7878,45.5486
44.0178,43.8905,44.1984,43.7244,44.421,44.5452,45.4045,45.3825,45.361,45.1613,45.4753,45.4139,45.4963,45.3029,45.5883,45.7002,45.6283,45.7227,45.7966,45.6447,45.6786,45.4737,45.3414,45.5467,45.5262
43.906,44.025,43.6754,44.1005,45.0218,45.4015,45.3802,45.3582,45.3234,45.495,45.4176,45.4877,45.4098,45.3567,45.7217,45.7022,45.7071,45.8029,45.8767,45.5885,45.4695,45.668,45.5448,45.5243,45.6417
44.0406,43.7354,44.064,44.49,45.1999,45.3773,45.3559,45.3339,45.3608,45.4195,45.4788,45.4012,45.3233,45.6429,45.6957,45.7063,45.6993,45.8771,45.6878,45.5685,45.7795,45.4739,45.5224,45.6009,45.0743
43.7442,44.1314,44.3997,44.5838,45.4088,45.353,45.3545,45.1758,45.2202,45.4717,45.3923,45.3147,45.4052,45.6124,45.6666,45.7062,45.7794,45.6881,45.4618,45.4232,45.5671,45.5517,45.5001,44.9638,43.5495
44.141,44.4197,44.5262,45.4057,45.3845,45.3312,45.3349,45.441,45.3484,45.3852,45.3057,45.3847,45.6639,45.727,45.7133,45.7863,45.8595,45.4616,45.7391,45.7499,45.5498,45.5293,45.8071,43.4646,43.5364
44.4238,45.002,45.4031,45.3814,45.3603,45.1647,45.1839,45.4143,45.4967,45.3013,45.3636,45.6551,45.6291,45.7227,45.7934,45.6482,45.6763,45.7405,45.3578,45.548,45.5275,45.5069,45.5233,43.6008,43.6569
45.0668,44.6804,45.3788,45.3571,45.3274,45.4824,45.357,45.4869,45.4102,45.3531,45.6459,45.622,45.7061,45.8028,45.6393,45.5784,45.4714,45.3555,45.5458,45.5256,44.9756,45.5563,43.8992,43.6417,43.5326
45.1882,45.4101,45.3545,45.3329,45.3573,45.4183,45.4789,45.4004,45.4833,45.6414,45.6147,45.715,45.6984,45.8771,45.6032,45.5827,45.6818,45.544,45.5233,45.6279,45.1228,44.9489,43.2712,43.5398,43.6191
45.4073,45.3858,45.3303,45.1716,45.2153,45.4684,45.3924,45.3139,45.6036,45.6111,45.7242,45.7063,45.7785,45.6894,45.5485,45.4167,45.4512,45.5216,45.5009,45.0366,43.5867,43.8318,43.5473,43.6263,43.5218
45.383,45.3615,45.1611,45.4568,45.3496,45.3819,45.5052,45.3828,45.6888,45.7286,45.7146,45.7865,45.8586,45.4605,45.432,45.7303,45.5506,45.5008,45.7769,43.5202,43.5081,43.3682,43.6338,43.4813,43.4761
45.3587,45.3373,45.496,45.4158,45.4944,45.3045,45.5978,45.6542,45.7057,45.7211,45.7947,45.8666,45.6757,45.7468,45.7752,45.5486,45.5281,45.7798,45.4544,43.5588,43.6636,43.5205,43.7197,43.6781,43.646
45.3423,45.1894,45.4196,45.4832,45.4078,45.3601,45.7011,45.6214,45.7284,45.8013,45.8748,45.6811,45.4719,45.3454,45.5466,45.5262,45.5057,45.4606,43.8912,43.6516,43.5265,43.607,43.6894,43.3715,43.525
45.3447,45.3905,45.4739,45.3967,45.4866,45.6444,45.7021,45.7158,45.698,45.8786,45.6866,45.4674,45.6788,45.5446,45.5242,45.6422,45.5996,43.8918,43.2826,43.5349,43.613,43.6936,43.351,43.6489,43.5309
45.1972,45.4093,45.3874,45.3102,45.6027,45.6135,45.706,45.7071,45.7781,45.6891,45.4628,45.7054,45.4563,45.5221,45.6119,45.0753,45.049,43.2819,43.5436,43.6215,43.5395,43.6464,43.6595,43.5541,43.5042
45.354,45.4989,45.3009,45.3741,45.6907,45.7256,45.7145,45.7872,45.6536,45.4608,45.733,45.4127,45.5508,45.5003,44.9954,43.55,43.8436,43.5505,43.6301,43.5071,43.4629,43.4289,43.5597,43.5099,43.5714
45.4889,45.4124,45.3521,45.6505,45.7052,45.7242,45.7946,45.8673,45.5632,45.7453,45.3677,45.5486,45.5284,45.7988,43.4902,43.5362,43.3512,43.637,43.7166,43.4872,43.6475,43.6192,43.5158,43.5771,43.437
45.4024,45.3259,45.6409,45.6184,45.7247,45.8043,45.6487,45.6815,45.6043,45.3478,45.5464,45.5261,45.5059,45.504,43.5804,43.6569,43.5252,43.7166,43.6845,43.6447,43.5286,43.5382,43.583,43.6444,43.479
45.4986,45.4113,45.6107,45.7196,45.7002,45.8757,45.5766,45.467,45.4068,45.5444,45.5242,45.5037,45.5903,43.8969,43.6467,43.5326,43.6117,43.6846,43.3599,43.5218,43.5434,43.4949,43.6497,43.433,43.619
45.5995,45.6667,45.7291,45.7104,45.7803,45.6873,45.5859,45.7078,45.7004,45.522,45.5909,45.6729,45.0272,43.2746,43.5403,43.6191,43.6982,43.3598,43.6549,43.5201,43.4996,43.5622,43.4302,43.5082,43.741
45.6978,45.6313,45.719,45.7905,45.6527,45.4623,45.415,45.4088,45.5509,45.5004,44.9386,45.2167,43.8411,43.5483,43.6268,43.7056,43.6541,43.6549,43.5573,43.5061,43.5669,43.6295,43.5004,43.6481,43.994
45.703,45.7033,45.7992,45.8707,45.5657,45.7364,45.7241,45.5484,45.5285,45.7944,43.4465,43.8633,43.3548,43.6348,43.4966,43.6663,43.4151,43.5573,43.5129,43.5734,43.4363,43.4409,43.6404,43.743,44.1392
45.7111,45.6959,45.8792,45.6838,45.6008,45.3622,45.5463,45.526,45.6642,45.4939,43.6136,43.3228,43.5242,43.7187,43.4945,43.3929,43.6263,43.5182,43.5802,43.4377,43.4812,43.5299,43.7213,44.1302,44.0334
45.7051,45.776,45.6895,45.4652,45.4084,45.5436,45.5239,45.5035,45.1349,43.8957,43.6389,43.5328,43.6107,43.6878,43.644,43.6378,43.5421,43.5855,43.6475,43.477,43.6212,43.6699,44.121,44.0245,44.198
45.7851,45.8561,45.4604,45.7189,45.7053,45.5212,45.6488,45.6802,43.596,43.2763,43.5396,43.6194,43.5508,43.354,43.5201,43.5482,43.4986,43.6473,43.4313,43.617,43.7388,43.8042,44.0152,43.9188,43.9559
45.6495,45.674,45.7475,45.3907,45.5503,45.5012,45.0949,45.2335,43.5011,43.5488,43.6261,43.7059,43.6024,43.6579,43.5149,43.5044,43.5658,43.4314,43.5036,43.743,43.9854,44.1536,43.9105,44.08,44.045
45.5749,45.4733,45.344,45.5474,45.5279,45.7673,43.5665,43.8652,43.6653,43.6353,43.4758,43.6667,43.5294,43.5589,43.5103,43.5716,43.6331,43.5038,43.6436,44.0021,44.1463,44.0479,44.0989,44.2359,44.073
45.5878,45.6702,45.5451,45.525,45.6606,45.4318,43.5226,43.32,43.5237,43.7182,43.5101,43.5208,43.53,43.5166,43.5777,43.6389,43.4389,43.6439,43.7301,44.1359,44.0406,43.9421,44.2492,44.0167,43.959
45.4143,45.4704,45.5226,45.5026,45.1254,43.8884,43.6604,43.5336,43.6102,43.6871,43.6423,43.4857,43.548,43.5839,43.4379,43.4359,43.5245,43.7309,44.1253,44.0302,44.188,44.0268,44.0104,44.0033,43.8347
45.723,45.5515,45.5002,45.7142,43.5887,43.2867,43.5415,43.6201,43.5439,43.3554,43.5158,43.5358,43.4961,43.6488,43.4765,43.5161,43.6645,44.1169,44.0196,44.2076,43.9861,44.1985,44.0096,43.8431,43.934
45.549,45.5291,45.8028,45.3109,43.5066,43.552,43.6281,43.7066,43.4596,43.6572,43.5002,43.5029,43.5635,43.4306,43.6166,43.6561,43.789,44.0112,43.9138,43.9269,44.0414,44.0344,43.8519,43.9425,43.8
45.5266,45.5067,45.5137,43.8743,43.664,43.6385,43.5327,43.6679,43.6478,43.5585,43.5098,43.5701,43.436,43.5017,43.7434,43.7652,44.1478,43.9144,44.0914,44.0485,44.0666,43.9856,43.9512,44.0418,43.85
45.6478,45.5627,43.8981,43.3069,43.526,43.7152,43.4675,43.3899,43.5296,43.517,43.5771,43.4367,43.482,43.6417,44.0031,44.1387,44.042,44.0903,44.2439,44.0793,43.9683,43.8212,44.0495,43.9333,43.841
45.0907,44.9637,43.2727,43.5371,43.6125,43.6825,43.647,43.6394,43.5465,43.5842,43.4387,43.4798,43.622,43.7249,44.1293,44.033,43.9363,44.2431,44.0129,43.9498,43.8281,43.9205,43.9396,43.85,43.724
43.562,43.8335,43.5463,43.6236,43.5405,43.3637,43.5276,43.549,43.4975,43.6485,43.4739,43.6198,43.738,44.1195,44.0235,43.9272,44.0401,44.0133,44.0072,43.8378,43.9275,44.0199,43.85,43.8089,43.4401
43.5269,43.3657,43.6328,43.7101,43.4622,43.6529,43.5402,43.5051,43.5648,43.4308,43.614,43.7402,43.9821,44.0137,44.2075,44.0608,44.2079,44.0067,43.8479,43.9371,43.8142,43.9157,43.8193,43.8109,43.595
43.6592,43.5212,43.7193,43.6737,43.6475,43.5562,43.5113,43.5724,43.4361,43.5022,43.7459,43.9909,44.1516,43.912,43.9287,44.2225,44.0299,43.8558,43.9472,43.7856,43.85,43.85,43.8475,43.5999,43.6527
43.531,43.6078,43.6889,43.3796,43.5288,43.5194,43.5786,43.6397,43.4395,43.6422,44.0133,44.141,44.0458,44.0955,44.0481,44.023,43.9901,43.9551,44.0465,43.85,43.8389,43.7795,43.605,43.6576,43.48
43.6176,43.6942,43.352,43.6447,43.544,43.5867,43.4364,43.4355,43.5261,43.7264,44.1301,44.0353,44.1842,44.2468,44.0784,43.997,43.8268,44.0457,43.9372,43.8432,43.7368,43.7068,43.6626,43.7152,43.3061
43.5277,43.6475,43.659,43.5519,43.4992,43.6462,43.4809,43.515,43.6661,44.1189,44.0244,44.1945,43.9974,44.0115,43.9516,43.8354,43.9261,43.9367,43.85,43.7108,43.4683,43.5872,43.7197,43.3326,43.308
43.4717,43.427,43.5595,43.5078,43.5665,43.4319,43.621,43.655,43.7934,44.0131,44.2194,43.9663,44.0401,44.0084,43.8442,43.9347,44.0254,43.85,43.8154,43.4104,43.5912,43.6449,43.3395,43.4519,43.6179
43.6465,43.6202,43.515,43.5751,43.4362,43.5053,43.739,43.7621,44.1495,43.9126,43.893,44.0438,44.0641,43.8534,43.9435,44.034,43.9202,43.8144,43.8339,43.5969,43.6489,43.7025,43.4594,43.2432,43.7275
43.5262,43.5388,43.5822,43.6424,43.4813,43.6453,43.9856,44.1376,44.0438,44.0942,44.0524,44.0708,43.9718,43.9527,43.7902,43.9271,43.85,43.8301,43.6027,43.6545,43.4659,43.313,43.2123,43.722,43.662
43.535,43.4954,43.6495,43.434,43.6213,43.735,44.1278,44.0318,43.938,44.2459,44.086,43.9621,43.8233,44.0479,43.85,43.85,43.787,43.6073,43.6604,43.4951,43.3215,43.4303,43.7161,43.6564,43.5965
43.5031,43.5627,43.4303,43.5111,43.7387,44.1151,44.0221,43.926,44.0362,44.012,43.9406,43.8331,43.9226,43.9384,43.8423,43.7985,43.5492,43.665,43.7181,43.2893,43.2982,43.3314,43.6506,43.5909,43.775
43.5704,43.63,43.5007,43.6511,43.9849,44.0093,44.1872,44.0635,44.2052,44.008,43.8434,43.9325,43.8196,43.85,43.7166,43.7743,43.5901,43.7174,43.337,43.3187,43.6082,43.7363,43.5851,43.5254,43.664
43.4368,43.4406,43.6407,44.2356,44.1469,43.9162,43.9893,44.2244,44.0312,43.854,43.9427,43.8045,43.85,43.8172,43.4246,43.5954,43.6473,43.3362,43.4567,43.6288,43.7317,43.6708,43.5204,43.7326,43.642
43.4797,43.5291,43.7219,44.1342,44.0411,44.0868,44.0409,44.0221,43.9888,43.9533,43.7733,43.85,43.8381,43.8399,43.6006,43.6531,43.4615,43.4558,43.2232,43.7253,43.6662,43.6053,43.7395,43.7134,42.6187
43.6197,43.6691,44.1221,44.0293,44.1874,44.2407,44.0655,43.9979,43.8252,44.0474,43.85,43.8403,43.7415,43.606,43.6583,43.7108,43.3263,43.2273,43.7187,43.6598,43.6007,43.5398,43.7195,43.567,43.2633
43.7403,43.8021,44.0164,43.8396,43.9876,44.0144,43.9702,43.8365,43.9245,43.9379,43.8448,43.7279,43.479,43.6636,43.4861,43.3258,43.2951,43.7135,43.6531,43.5943,43.7715,43.7131,43.6623,43.2699,43.3402
43.9912,44.1528,43.9107,44.0667,44.0412,44.0055,43.8456,43.9358,44.0238,43.85,43.7015,43.4484,43.5885,43.7187,43.2998,43.4444,43.6051,43.6479,43.5876,43.779,43.6696,43.6958,43.2767,43.3468,42.9404
44.1409,44.0471,44.0984,44.0484,44.0662,43.8575,43.9449,44.0351,43.9189,43.8165,43.391,43.5942,43.6461,43.338,43.3115,43.2737,43.7342,43.5824,43.5221,43.6576,43.6448,43.2933,43.3536,43.4237,42.4274
44.0351,43.9414,44.2489,44.0791,43.9687,43.9569,43.8185,43.928,43.85,43.8376,43.6001,43.6519,43.4606,43.4578,43.6212,43.7269,43.6687,43.523,43.7371,43.6388,42.6988,43.253,43.4295,42.3541,42.1581
44.1947,44.0285,44.0105,43.9501,43.8276,44.0441,43.85,43.85,43.7849,43.6063,43.6578,43.476,43.3273,43.2191,43.7211,43.6614,43.6032,43.7361,43.7174,43.5037,43.2584,43.3299,42.3595,42.7215,42.2547
43.9659,44.1997,44.0095,43.8378,43.9269,43.9355,43.8381,43.8,43.7261,43.664,43.5029,43.3103,43.2944,43.715,43.6555,43.5959,43.7704,43.7165,43.6304,43.266,43.3353,43.4068,42.7662,42.2766,42.149
44.0438,44.0338,43.8508,43.9371,43.8149,43.85,43.7419,43.7796,43.5896,43.7184,43.2815,43.3053,43.6045,43.6494,43.59,43.5303,43.6713,43.6147,43.2738,43.3429,42.8834,42.3385,42.2705,42.0195,42.1214
44.0709,43.9862,43.9501,43.786,43.85,43.8125,43.4806,43.5961,43.6472,43.3376,43.3232,43.6153,43.7348,43.5839,43.7756,43.7259,43.6457,43.2799,43.3507,43.4198,42.4609,42.5928,42.0108,42.1233,42.1438
43.962,43.8219,44.0494,43.85,43.8388,43.8233,43.6014,43.6538,43.7049,43.4573,43.6329,43.7283,43.6693,43.5216,43.6632,43.7074,42.7241,43.3568,43.4276,42.3505,42.1691,42.2942,42.1253,42.1457,42.1181
43.8331,43.9213,43.9395,43.8431,43.7374,43.6083,43.6591,43.7114,43.3167,43.2211,43.7215,43.6628,43.6038,43.7379,43.6417,43.4737,43.2556,43.4264,42.3578,42.692,42.2308,42.0449,42.1477,42.1682,42.331
43.9325,44.0206,43.85,43.7112,43.4697,43.666,43.4584,43.3268,43.4344,43.7146,43.656,43.5973,43.7702,43.7181,42.6124,43.2641,43.3325,42.3568,42.7519,42.2806,42.1511,42.1184,42.1698,42.1732,42.4547
43.8047,43.9162,43.8193,43.4114,43.591,43.7165,43.3303,43.4455,43.3147,43.6491,43.5905,43.7741,43.6717,43.6396,43.2711,43.3411,42.8654,42.7434,42.2725,42.0253,42.12,42.1408,42.1611,42.3261,42.8847
43.85,43.85,43.8474,43.5968,43.6486,43.3349,43.2922,43.2692,43.7336,43.5836,43.7798,43.6654,43.6458,43.2782,43.348,43.418,42.4716,42.2736,42.0135,42.1222,42.1424,42.1633,42.3113,42.3299,42.7611
43.8403,43.7804,43.6044,43.6545,43.4652,43.4544,43.6019,43.7262,43.6681,43.5219,43.6566,43.6427,42.7292,43.3551,42.9387,42.3488,42.1725,42.0153,42.1245,42.1446,42.1221,42.2083,42.2842,42.7122,42.2821
43.7282,43.71,43.662,43.4946,43.3222,43.233,43.7202,43.6607,43.6025,43.7374,43.6384,42.6371,43.2548,43.428,42.3553,42.6782,42.2232,42.1263,42.1469,42.167,42.3289,42.369,42.7102,42.303,42.5255
43.4493,43.5876,43.7197,43.2899,43.2977,43.7123,43.6547,43.5951,43.537,43.7177,42.5166,43.2625,43.3318,42.3582,42.731,42.2825,42.1517,42.1487,42.1693,42.1811,42.4379,42.4622,42.3248,42.5465,42.2488
43.5941,43.6453,43.3395,43.3183,43.6077,43.6468,43.5891,43.5296,43.7169,43.6335,43.2704,43.3394,42.8617,42.755,42.2753,42.028,42.1192,42.1689,42.3271,42.3358,42.8679,42.718,42.5683,42.79,42.4695
43.6517,43.7029,43.4595,43.6284,43.7321,43.5813,43.7688,43.7269,43.6992,43.2786,43.3474,42.9283,42.4738,42.2721,42.0176,42.1217,42.1416,42.1674,42.4225,42.3597,42.7658,42.2499,42.8083,42.7012,42.2946
43.4754,43.3136,43.2119,43.7254,43.6666,43.5241,43.674,42.3548,43.3463,43.3555,43.0071,42.4343,42.1733,42.013,42.1237,42.1441,42.1234,42.3191,42.852,42.7135,42.2672,42.4934,42.7092,42.1871,42.027
43.3237,43.431,43.7168,43.6599,43.601,43.7348,43.6471,43.1956,43.2563,43.4276,42.3893,42.1603,42.2217,42.1258,42.1461,42.1665,42.3283,42.3082,42.7704,42.2912,42.5106,42.7369,42.1897,42.5861,42.2869
43.442,43.3286,43.6513,43.5944,43.7713,43.7153,42.7687,43.2644,43.3332,42.3579,42.1461,42.25,42.1519,42.1482,42.1685,42.1848,42.4325,42.7112,42.31,42.5347,42.293,42.6779,42.6261,42.042,42.0716
43.2835,43.7359,43.5858,43.7788,43.6698,43.597,43.272,43.34,43.4101,42.7521,42.2801,42.1494,42.119,42.1694,42.1704,42.3403,42.8625,42.3355,42.5534,42.7782,42.4428,42.1793,42.022,42.0754,42.1153
43.7285,43.6704,43.5203,43.6579,43.6449,43.2813,43.3489,42.9373,42.3416,42.2725,42.1469,42.1212,42.1414,42.1643,42.3227,42.3736,42.7673,42.579,42.3399,42.696,42.3266,42.4696,42.0793,42.1191,42.159
43.663,43.6049,43.7396,43.6389,42.7024,43.3582,42.8278,42.429,42.6182,42.0136,42.1235,42.1436,42.1237,42.3153,42.319,42.7141,42.2584,42.7979,42.4136,42.1853,42.0263,42.1002,42.123,42.1627,42.1144
43.5975,43.5394,43.7197,42.5287,43.2581,43.4251,42.4949,42.1586,42.2907,42.1259,42.1459,42.1188,42.3282,42.2965,42.7117,42.2856,42.502,42.7049,42.3626,42.5603,42.2795,42.0659,42.1667,42.2064,41.9907
43.532,43.7137,43.6648,43.2659,43.335,42.3558,42.1805,42.2538,42.0398,42.1483,42.1143,42.3306,42.4314,42.7107,42.3074,42.5291,42.3071,42.1883,42.0256,42.0548,42.069,42.1096,42.2097,42.2756,41.8462
43.7237,43.6963,43.2759,43.3428,42.8809,42.7352,42.205,42.1491,42.1194,42.1693,42.3328,42.452,42.8614,42.3301,42.551,42.7727,42.4342,42.6045,42.2709,42.0733,42.1127,42.1532,42.3068,42.3012,41.701
43.7053,43.3012,43.3528,43.0059,42.4624,42.2748,42.1533,42.1214,42.1418,42.1651,42.469,42.8821,42.7676,42.5737,42.7945,42.6936,42.3369,42.0328,42.0767,42.117,42.1563,42.1969,42.3364,41.9139,41.7602
43.4415,43.2535,43.4297,42.3884,42.1696,42.0169,42.124,42.1438,42.1642,42.3163,42.8984,42.7618,42.2564,42.8029,42.7032,42.1845,42.0261,42.0813,42.1204,42.1607,42.1329,42.1845,41.9285,41.6837,41.7605
43.2622,43.3304,42.3597,42.1453,42.2298,42.1267,42.1464,42.1181,42.2012,42.2995,42.7574,42.2805,42.4998,42.707,42.1878,42.5484,42.2772,42.1249,42.164,42.2043,42.0237,42.1985,41.6803,41.7633,41.7926
43.339,43.4073,42.7678,42.2828,42.1512,42.1491,42.1271,42.331,42.3603,42.7109,42.3055,42.524,42.31,42.189,42.5964,42.0608,42.0674,42.1686,42.157,42.2558,41.8541,41.8713,41.7662,41.7953,41.7873
43.4159,42.339,42.2703,42.1466,42.1199,42.1686,42.3264,42.4547,42.4352,42.3314,42.5492,42.2547,42.4325,42.6146,42.0367,42.0723,42.1111,42.2077,42.0677,42.2789,41.699,41.6933,41.7982,41.8274,41.5762
42.3469,42.5965,42.0104,42.1221,42.1423,42.1696,42.4161,42.8848,42.7168,42.575,42.2195,42.4661,42.339,42.0278,42.0763,42.116,42.1548,42.2896,41.8648,41.9047,41.7667,41.7564,41.8297,41.8923,41.7347
42.6623,42.2937,42.1251,42.1446,42.1223,42.3218,42.8456,42.761,42.2607,42.8017,42.4863,42.2985,42.0261,42.0803,42.1199,42.1597,42.1389,42.317,41.6962,41.6857,41.7586,41.7884,41.9173,41.6688,41.7268
42.2847,42.0442,42.1475,42.1131,42.3289,42.3166,42.7722,42.2822,42.5044,42.7065,42.2757,42.0269,42.2767,42.124,42.1636,42.2034,42.0343,41.9204,41.7761,41.7618,41.7907,41.8204,41.6609,41.6395,41.7243
42.0312,42.1185,42.1699,42.3334,42.4371,42.7116,42.3105,42.5257,42.7479,42.1888,42.0274,42.286,42.0671,42.1677,42.2073,42.2466,41.8566,41.6822,41.7643,41.7938,41.7997,41.8187,41.6309,41.6515,41.6763
42.121,42.141,42.1605,42.4755,42.8672,42.3395,42.554,42.2477,42.6827,42.612,42.2906,42.0715,42.1107,42.2086,42.2843,42.2686,41.6983,41.7677,41.7963,41.8259,41.584,41.692,41.6501,41.6833,41.7564
42.1435,42.1634,42.3106,42.9056,42.766,42.5832,42.3574,42.4704,42.1809,42.029,42.0759,42.1151,42.1544,42.2974,42.3111,41.9004,41.7688,41.7997,41.8185,41.8765,41.725,41.6646,41.6905,41.7634,41.6392
42.1659,42.2073,42.2818,42.7552,42.2662,42.7941,42.4028,42.2934,42.4938,42.0806,42.1196,42.1588,42.14,42.3257,41.9181,41.6867,41.7575,41.8283,41.5961,41.6737,41.7197,41.6553,41.7706,41.8434,41.9217
42.1894,42.3678,42.7101,42.2909,42.5096,42.7035,42.3756,42.027,42.0881,42.1242,42.1633,42.116,42.0364,41.924,41.6827,41.7611,41.7896,41.9032,41.7096,41.6449,41.736,41.6659,41.8493,41.7475,42.0138
42.3459,42.4587,42.3225,42.5343,42.2948,42.1878,42.0253,42.2872,42.0679,42.1679,42.1076,41.9934,41.8571,41.6814,41.764,41.7932,41.8037,41.6653,41.7082,41.6523,41.6716,41.746,41.7318,41.8275,41.9421
42.3909,42.7179,42.5659,42.1925,42.4417,42.5972,42.2679,42.0717,42.1116,42.2084,41.9798,41.8468,41.6982,41.767,41.796,41.8252,41.5865,41.6358,41.7551,41.6796,41.7517,41.8261,41.8118,41.93,42.0454
42.7149,42.2515,42.8094,42.5038,42.1817,42.0365,42.0768,42.1154,42.1552,42.2954,41.8439,41.7008,41.7693,41.799,41.8281,41.8693,41.7218,41.6509,41.6858,41.7597,41.6476,41.7938,41.93,41.9817,42.3434
42.2785,42.4949,42.7097,42.2532,42.5053,42.082,42.1205,42.1591,42.1989,42.3234,41.7015,41.7606,41.7573,41.829,41.8997,41.676,41.7174,41.6942,41.7659,41.8398,41.9114,41.8738,41.9712,42.3235,42.1159
42.522,42.7384,42.1899,42.0279,42.0823,42.1257,42.1642,42.113,42.2039,41.9231,41.7587,41.7604,41.7893,41.9093,41.6664,41.6473,41.7398,41.7743,41.6621,41.7573,42.0061,41.93,42.3029,42.096,42.4875
42.7655,42.6785,42.6288,42.2964,42.0688,42.1694,42.2078,41.9881,42.2204,41.6816,41.7637,41.7925,41.8045,41.6634,41.6369,41.6527,41.6689,41.8457,41.8932,41.8372,41.9446,42.0125,42.0755,41.8686,42.5702
42.6904,42.1795,42.0206,42.0732,42.1125,42.2071,42.2893,41.8455,41.8804,41.7671,41.7958,41.7879,41.587,41.6337,41.6511,41.6779,41.749,41.7409,41.9922,41.93,42.0276,42.3726,41.852,42.336,42.6092
42.1835,42.4727,42.0789,42.1169,42.1562,42.2839,42.3167,41.7011,41.6913,41.7992,41.786,41.5765,41.7212,41.6506,41.6851,41.758,41.6503,41.8209,41.9493,41.9881,42.3565,42.1451,42.3217,42.6254,42.2741
42.5322,42.0987,42.1226,42.1606,42.1999,42.3105,41.9204,41.7595,41.7578,41.8288,41.5757,41.7344,41.7169,41.6926,41.7652,41.8381,41.9081,41.93,41.9943,42.3337,42.1289,41.9177,42.6384,42.936,42.2391
42.0689,42.0661,42.1662,42.0895,42.2127,41.9219,41.6822,41.7606,41.7899,41.9077,41.7351,41.7266,41.7405,41.7727,41.8453,41.7617,42.0036,41.9773,42.316,42.1063,42.4723,42.3784,42.9931,42.6009,42.1627
42.071,42.1098,42.2099,41.946,42.2303,41.6818,41.7644,41.7927,41.8219,41.6639,41.7268,41.7245,41.6683,41.8473,41.7424,41.8417,41.9455,42.292,42.0886,41.8788,42.5766,42.5869,42.6268,42.1666,42.2076
42.1147,42.1535,42.3093,41.8354,41.8845,41.7679,41.7964,41.7859,41.8347,41.6342,41.6512,41.6763,41.7484,41.7371,41.8224,41.93,42.0217,42.0646,42.4424,42.3448,42.6446,42.7666,42.1707,42.2115,42.2047
42.1584,42.1972,42.3393,41.7037,41.6903,41.7997,41.8285,41.5752,41.6869,41.6507,41.6845,41.7564,41.6509,41.8171,41.93,41.9911,42.3639,41.8625,42.5892,42.6175,42.3063,42.5239,42.2156,42.2563,42.0651
42.202,42.1868,41.9297,41.7511,41.7585,41.8286,41.9037,41.736,41.6591,41.693,41.7646,41.6392,41.9074,41.93,41.9782,42.3385,42.1364,42.3302,42.7162,42.901,42.241,42.1569,42.2596,42.3746,42.0875
42.2335,42.2013,41.6801,41.7617,41.7905,41.9055,41.6651,41.7278,41.6545,41.7731,41.8447,41.9218,42.0031,41.9748,42.3179,42.1109,42.4672,42.6307,42.3724,42.5851,42.1602,42.2018,42.3972,42.0949,41.7384
42.2538,41.8724,41.7659,41.7938,41.8226,41.6646,41.6355,41.7226,41.6697,41.8469,41.7441,42.0139,41.9456,42.2968,42.0905,41.8834,42.5786,42.9591,42.2449,42.1646,42.205,42.2467,42.0994,42.1815,42.2739
41.8942,41.6931,41.7979,41.7698,41.8417,41.635,41.6508,41.6768,41.7499,41.7381,41.824,41.942,42.0205,42.0692,41.8629,42.3488,42.6563,42.6114,42.1681,42.2095,42.2222,42.3073,42.2157,42.2568,42.0785
41.6881,41.7565,41.83,41.5651,41.6847,41.6508,41.686,41.7569,41.8299,41.8181,41.93,42.0459,42.3656,41.8581,42.3311,42.6138,42.317,42.1729,42.213,42.2544,42.0682,42.0815,42.239,42.0614,42.3329
41.7601,41.7886,41.9197,41.7487,41.6568,41.6936,41.7661,41.6379,41.7835,41.93,41.9793,42.3431,42.1382,42.3268,42.6299,42.2542,42.2416,42.2177,42.2605,42.3609,42.0993,42.0797,42.0436,41.8659,42.7257
41.7921,41.8206,41.6601,41.7371,41.6541,41.7737,41.8462,41.9234,41.8635,41.9755,42.3197,42.1156,42.4663,42.6338,42.9559,42.1232,42.1587,42.2575,42.0752,42.0922,41.7484,42.2989,41.8518,42.101,42.1157
41.8242,41.8206,41.6301,41.7074,41.6714,41.8463,41.74,42.0151,41.93,42.2955,42.0921,42.4882,42.3723,42.9727,42.61,42.1634,42.2036,42.3835,42.1259,42.1608,42.2847,42.1034,42.047,42.3627,41.2184
41.8582,41.6914,41.65,41.6795,41.7515,41.7393,41.82,41.9416,42.0056,42.068,41.8646,42.5699,42.5925,42.6175,42.1678,42.2075,42.228,42.0967,41.7711,42.2653,42.0893,41.908,42.3692,41.7005,41.0058
41.6795,41.664,41.6898,41.7595,41.8316,41.8194,41.93,42.0488,42.3615,41.8592,42.3326,42.607,42.7911,42.172,42.2127,42.2053,42.0693,42.1949,42.25,42.0698,42.3069,42.2622,41.7531,41.7998,41.1029
41.6511,41.6552,41.7699,41.6268,41.7792,41.93,41.9766,42.3416,42.1341,42.3277,42.6286,42.8694,42.5352,42.2168,42.2575,42.0652,42.1033,42.2294,42.0546,41.8744,42.6942,41.0596,41.853,41.0967,41.0324
41.6533,41.6663,41.85,41.9371,41.8592,41.9763,42.3154,42.1142,41.9066,42.633,42.9501,42.5707,42.1584,42.2583,42.3828,42.0877,41.7517,42.0338,42.2451,42.1334,42.0842,41.151,41.0903,41.0262,41.1579
41.6752,41.7464,41.7301,42.0253,41.93,42.2939,42.0878,42.4907,42.3687,42.9691,42.6074,42.1628,42.2032,42.3888,42.0966,41.7386,42.291,41.8611,42.6182,42.3589,41.2751,41.156,41.0198,40.9557,41.3613
41.7553,41.8265,41.8101,41.9382,42.0028,42.0665,41.8604,42.5688,42.5957,42.6159,42.1675,42.2077,42.2481,42.0977,42.1942,42.274,42.0956,42.0802,42.0074,41.669,41.0009,41.1123,40.9507,41.1525,41.3024
41.8354,41.7927,41.93,42.0727,42.3571,41.8607,42.3289,42.6013,42.8052,42.1722,42.2123,42.2526,42.3173,42.2029,42.2515,42.0786,42.2982,42.3652,41.4152,41.7681,41.1067,41.0424,41.1327,41.1858,41.1685
41.769,41.8727,41.97,42.3342,42.1296,42.3288,42.6319,42.2667,42.5415,42.2171,42.2572,42.3484,42.0835,42.2332,42.056,42.3329,42.6836,41.7205,40.9885,41.0997,41.0363,41.3948,41.1807,41.3797,40.9463
41.849,41.93,42.305,42.1068,41.9021,42.632,42.9647,42.2386,42.1592,42.2581,42.3805,42.0897,42.0951,42.0378,41.8605,42.7259,42.0737,41.8199,41.0942,41.0292,41.1554,41.2483,41.3976,41.2532,41.2594
41.93,42.0118,42.0774,42.5112,42.3649,42.9647,42.614,42.1631,42.204,42.3874,42.0961,42.1421,42.2925,41.8575,42.0803,42.116,41.294,41.0867,41.0237,40.9587,41.3454,41.1608,41.2768,41.25,41.1537
41.996,42.3715,41.85,42.5603,42.5992,42.6139,42.1683,42.208,42.2489,42.0975,42.1907,42.2731,42.097,42.0677,42.3652,41.2174,40.9992,41.0162,41.1491,41.1642,41.3109,41.186,41.2404,41.1443,41.2237
42.3464,42.144,42.32,42.5534,42.8205,42.1725,42.2131,42.2001,42.3229,42.2007,42.253,42.0775,41.9015,42.3667,41.721,41.0059,41.1089,40.9541,41.3036,41.1888,41.1782,40.9595,41.1347,41.0386,41.3942
42.1189,41.9166,42.6399,42.223,42.5484,42.2174,42.258,42.0643,42.0846,42.2322,42.0574,41.8821,42.2374,41.7326,41.8207,41.1028,41.0385,41.1451,41.3337,41.3692,40.9536,41.2753,41.0311,40.9433,41.1503
41.8914,42.3774,42.9997,42.236,42.16,42.2578,42.3862,42.0842,42.1034,42.0368,41.862,42.1629,42.3465,41.8322,41.0947,41.0323,41.1546,41.1839,41.2045,41.2393,41.265,41.1696,40.9141,41.4261,41.3909
42.3557,42.5878,42.6298,42.1646,42.2049,42.3857,42.0973,41.7356,42.2903,41.8585,42.0858,42.3554,41.5677,41.0881,41.0242,41.158,41.3401,41.3863,40.9736,41.2545,41.1593,41.1746,41.447,41.3779,41.4876
42.6075,42.7704,42.1703,42.2094,42.2498,42.0971,42.1993,42.272,42.0964,42.0711,42.3646,41.6404,41.6654,41.0176,40.9537,41.362,41.3138,41.2618,41.2462,41.1487,41.1965,41.403,41.3646,41.2318,41.6402
42.8571,42.5257,42.2152,42.1761,42.3288,42.1983,42.2493,42.0764,42.7782,42.3663,41.7156,41.7391,41.1095,40.9528,41.1445,41.3019,41.1814,41.2349,41.1405,41.043,41.3991,41.1612,41.2215,41.63,41.5249
42.565,42.1572,42.26,42.06,42.0858,42.231,42.0539,42.3408,42.2821,41.7294,41.8152,41.1024,41.039,41.1406,41.1837,41.1679,40.9561,41.1292,41.1195,40.9603,41.1563,41.413,41.6195,41.5147,41.6772
42.1621,42.202,42.3997,42.0679,42.1124,42.0356,41.8584,42.7355,42.0699,41.8289,41.0952,41.032,40.9685,41.1828,41.3871,40.9459,41.2684,41.0363,41.4129,41.4139,41.3986,41.4723,41.5041,41.3993,41.2622
42.207,42.2469,42.0999,41.7218,42.2853,41.8596,42.0722,42.1257,41.3009,41.0878,41.0247,40.9615,41.2024,41.3903,41.263,41.2591,41.1626,40.9328,41.1738,41.384,41.4792,41.6575,41.3912,41.484,40.5471
42.2518,42.3088,42.2195,42.2657,42.0899,42.0748,42.3662,41.2,40.9986,41.0172,40.9542,41.1749,41.1987,41.2672,41.2469,41.1533,41.1874,41.4336,41.3726,41.2379,41.6463,41.5422,41.5067,41.4355,40.5423
42.3432,42.0818,42.2406,42.0703,41.8944,42.3658,41.7288,41.0074,41.11,40.9532,41.1465,41.1916,41.3347,41.237,41.1411,41.226,41.4007,41.357,41.4543,41.6348,41.531,41.6511,41.5091,40.5771,40.2125
42.0886,42.082,42.0452,42.377,42.2102,41.7258,41.8286,41.1021,41.0395,41.1418,41.1842,41.3596,41.1938,41.1313,41.0354,41.3938,41.1583,41.2286,41.6258,41.5194,41.6629,41.3024,40.613,40.9683,41.3457
42.134,42.2979,41.8503,42.7794,42.3498,41.8253,41.0939,41.0316,41.1543,41.1831,41.3852,41.2267,41.2691,41.0344,40.9308,41.1497,41.4031,41.6134,41.5103,41.4041,41.2842,40.6177,40.9958,41.3033,40.8684
42.2765,42.1025,42.041,42.1697,41.5941,41.0874,41.0234,41.1588,41.3381,41.3892,41.2606,41.2585,41.1633,40.9263,41.4351,41.3903,41.4763,41.4981,41.6191,41.4709,40.5857,40.4836,41.2595,40.826,41.709
42.081,41.907,42.3699,41.1206,41.6922,41.0168,40.953,41.367,41.3148,41.2657,41.2476,41.1528,41.0576,41.4383,41.3735,41.4885,41.6499,41.397,41.3524,41.393,40.522,40.2277,40.7822,40.3486,41.7198
41.8855,42.2587,41.7589,41.0143,41.1069,40.9535,41.1415,41.2992,41.1827,41.2365,41.1419,41.047,41.0169,41.3598,41.2273,41.6398,41.5344,41.4918,40.7067,40.5611,40.2207,41.4174,40.3152,41.5108,41.7227
42.1762,42.344,41.8588,41.0999,41.0365,41.1431,41.183,41.1648,40.957,41.1307,41.0362,40.976,41.3734,41.2261,41.6264,41.5244,41.6581,41.4608,40.5918,40.9525,41.3706,40.9397,41.5014,41.8706,41.7279
42.3538,41.5466,41.0908,41.0294,40.966,41.1834,41.3897,40.9435,41.2698,41.0349,40.9338,41.4027,41.4041,41.6157,41.5111,41.6791,41.2916,40.6336,40.2473,41.3225,40.8932,41.6765,41.8788,41.6658,41.4359
41.6271,41.644,41.0204,41.1622,41.1925,41.3881,41.2664,41.258,41.1641,40.9281,41.433,41.3895,41.258,41.5003,41.3957,41.2592,40.5987,40.9765,41.285,40.8452,41.6914,41.7447,41.6608,41.4467,41.5576
41.7255,41.1115,40.9501,41.3895,41.1961,41.2642,41.2458,41.1522,41.184,41.437,41.3745,41.2434,41.6506,41.3949,41.4942,40.5416,40.5103,41.2344,40.8077,40.3678,41.7333,41.7129,41.4578,41.5684,41.2927
41.1037,41.041,41.1305,41.2871,41.3436,41.2359,41.14,41.2348,41.4013,41.3591,41.2284,41.6391,41.5352,41.4968,41.4688,40.5445,40.2235,40.7569,41.633,41.5162,41.7174,41.7235,41.5796,41.6902,41.1614
41.0333,40.9705,41.1801,41.1509,41.2055,41.1302,41.0343,41.3922,41.1591,41.2268,41.6273,41.5237,41.4199,41.477,40.5896,40.2112,41.3849,40.3394,41.7784,41.866,41.7255,41.4177,41.6987,41.2163,40.9893
40.9628,41.2105,41.3995,40.9331,41.2652,41.0354,40.9266,41.1478,41.4052,41.615,41.5119,41.4084,41.4269,40.6263,40.9809,41.3431,40.9075,41.5077,41.6996,41.6686,41.4296,41.5394,41.2281,41.4119,40.9682
41.1802,41.2008,41.2793,41.2548,41.1595,40.9298,41.4381,41.3888,41.4753,41.4997,41.3965,41.4589,41.2501,40.9832,41.2877,40.8654,41.6854,41.8733,41.7176,41.4419,41.5513,41.283,41.4362,40.8572,40.9164
41.193,41.3273,41.2412,41.149,41.0538,41.4357,41.372,41.4913,41.6514,41.3955,41.4919,41.354,40.5076,41.2433,40.8104,41.7121,41.7379,41.6641,41.4514,41.5636,41.2875,41.2046,40.851,41.0006,41.1692
41.3546,41.1839,41.1355,41.2739,41.0024,41.3584,41.2258,41.6386,41.5361,41.4955,41.4612,40.5467,40.899,40.7657,40.333,41.7173,41.7156,41.4644,41.5732,41.6854,41.1846,40.9677,41.0087,41.1645,41.1158
41.2201,41.2722,41.0303,41.3853,41.3837,41.2274,41.6253,41.5232,41.6563,41.4725,40.5869,40.9379,41.3878,40.3311,41.5064,41.7237,41.7247,41.5862,41.2691,41.2096,40.9777,40.9747,41.1595,41.1111,41.0624
41.2606,41.1665,40.9111,41.139,41.3989,41.6144,41.5099,41.6839,41.2945,40.6282,40.9781,41.3405,40.9105,41.5057,41.8745,41.7283,41.4261,41.6924,41.267,41.3983,40.9717,40.9294,41.1061,41.0577,41.1046
41.1549,41.0608,41.4492,41.3844,41.2528,41.4991,41.3945,41.2518,40.6037,40.9813,41.2914,40.8628,40.433,41.8751,41.6634,41.4367,41.5478,41.2201,40.9362,40.8607,40.9234,41.1771,41.0528,41.0043,41.2778
41.0492,41.0294,41.3658,41.5035,41.6466,41.396,41.4974,40.5286,40.5046,41.2406,40.8137,40.3854,41.5344,41.663,41.4507,41.5584,41.2857,41.4196,40.9842,40.9961,41.1719,41.1238,41.0006,40.8724,41.14
40.9845,41.3643,41.2204,41.635,41.5312,41.4942,41.4792,40.5486,40.2246,40.7633,40.3364,41.5211,41.8502,41.4621,41.5726,41.2938,41.1877,40.8552,40.9487,41.1665,41.1185,41.0704,40.8446,41.2421,41.3048
41.3966,41.4087,41.6203,41.5197,41.4159,41.4684,40.5934,40.2084,41.3914,40.3334,41.5074,41.8617,41.6783,41.584,41.6943,41.1562,41.3532,41.0032,41.1623,41.1132,41.0651,41.0637,41.2489,41.1529,41.3812
41.3927,41.2625,41.505,41.7048,41.438,40.6301,40.9848,41.3381,40.9141,41.5062,41.8737,41.6712,41.4253,41.6945,41.2221,40.992,40.8723,41.1566,41.1089,41.0597,41.0828,41.2735,41.1418,41.3767,41.33
41.2465,41.6542,41.3904,41.2195,41.2862,40.9797,41.2831,40.8607,41.6831,41.8746,41.6639,41.4374,41.547,41.2227,40.9992,40.9674,40.9811,41.1032,41.0555,41.0064,41.2756,41.14,41.3719,41.3254,41.3935
41.6416,41.5388,41.509,40.4718,40.5212,41.2387,40.8057,41.7182,41.7396,41.6633,41.4499,41.5592,41.6688,41.4249,40.9654,40.9147,41.1734,41.0498,41.0003,40.8878,41.14,41.2994,41.3207,41.2741,41.7693
41.5263,41.4235,41.5166,40.56,40.9124,40.7612,40.3283,41.7126,41.7149,41.4628,41.5716,41.6809,41.1866,40.8539,40.911,41.1688,41.12,41.0034,41.2668,41.2383,41.302,41.3888,41.2706,41.3524,42.0653
41.4109,41.4167,40.61,40.1961,41.3716,40.3354,41.5051,41.7255,41.7244,41.5846,41.6934,41.2035,41.351,41.0049,41.163,41.1154,41.0667,40.8639,41.14,41.1591,41.3838,41.3375,41.3161,41.5167,41.8769
41.4517,41.2168,40.9987,41.3238,40.8942,41.5067,41.8756,41.7291,41.4244,41.6939,41.2209,41.3856,40.8728,41.1576,41.1105,41.062,41.0133,41.2442,41.2909,41.3786,41.3325,41.3807,41.4768,41.9307,41.5899
41.3306,40.4951,41.2671,40.8465,40.4167,41.8742,41.6627,41.438,41.5461,41.2219,41.4214,40.8639,40.9804,41.1042,41.0571,41.1105,40.9397,41.1496,41.3746,41.3273,41.3867,41.7232,41.9386,41.9884,41.5415
40.5377,40.8863,40.7936,41.7445,41.5299,41.6636,41.4519,41.5597,41.285,41.4234,40.8548,40.9919,41.1738,41.0508,41.1186,41.2785,41.2256,41.3691,41.3233,41.2761,41.745,42.046,42.0239,41.5568,41.7113
40.929,41.4034,41.5668,41.6925,41.8541,41.4633,41.5737,41.2957,41.1956,40.8543,41.0038,41.1685,41.1204,41.0025,41.2792,41.14,41.1798,41.3178,41.3595,41.3723,42.0551,41.9005,41.5725,41.7266,41.3557
41.3514,40.926,41.829,41.7334,41.6759,41.5851,41.6955,41.148,40.9722,41.0044,41.163,41.115,41.067,40.8579,41.14,41.3057,41.3852,41.2733,41.6468,41.5386,41.8893,41.6391,41.7423,41.8963,41.5153
40.874,40.4486,41.6799,41.7327,41.4293,41.6934,41.2237,40.9961,40.9733,41.1573,41.1096,41.0617,41.0136,41.2456,41.3063,41.3807,41.3339,41.3417,42.0138,41.9263,41.6157,41.5165,41.908,41.3194,41.3391
40.3966,41.5389,41.7088,41.4415,41.5512,41.2214,41.4272,40.9661,40.9267,41.1039,41.0562,41.0083,40.9421,41.1472,41.3761,41.3295,41.2827,41.505,41.9402,41.9689,41.5332,41.6863,41.3029,41.3807,41.403
41.5243,41.8463,41.4559,41.5633,41.6729,41.4222,40.8533,40.9122,41.1742,41.0505,41.0028,40.9021,41.225,41.37,41.3248,41.3957,41.4402,41.933,41.7229,41.5505,41.703,41.3471,41.3886,41.5114,41.5522
41.859,41.6807,41.5767,41.3036,41.1923,40.8546,41.0058,41.1682,41.1208,41.0028,40.8609,41.2348,41.1808,41.3187,41.3965,41.7772,41.6134,41.9986,41.5639,41.7202,41.3512,41.496,41.5187,41.4193,41.5661
41.6729,41.4213,41.2496,41.1128,41.3626,41.004,41.1621,41.1148,41.0674,40.8507,41.2449,41.1648,41.3855,41.2725,41.7791,42.0687,41.9114,41.582,41.7337,41.89,41.5052,41.3669,41.4114,41.5667,41.5725
41.4344,41.543,41.3534,41.0137,40.8698,41.1571,41.1087,41.0614,41.0724,41.2474,41.1483,41.3804,41.3343,41.3341,42.069,41.8727,41.9023,41.7518,41.3322,41.3283,41.3535,41.4041,41.5673,41.5731,41.5509
41.5562,41.6647,40.8931,40.9609,40.9843,41.1037,41.0553,41.1185,41.2745,41.1443,41.3752,41.3291,41.283,41.4966,41.8728,41.5809,41.5285,41.8989,41.4622,41.3764,41.4036,41.5564,41.5737,41.5795,41.8391
41.6779,41.1809,40.9971,40.9017,41.172,41.0503,41.0019,41.2793,41.14,41.371,41.3239,41.2779,41.4432,41.9347,41.5822,41.5435,41.6983,41.3147,41.4162,41.5075,41.5544,41.5652,41.5799,41.5565,41.9865
41.1993,41.3392,40.9743,41.1667,41.1186,41.003,40.8543,41.14,41.3006,41.3197,41.2726,41.3908,41.6167,42.0061,41.5588,41.7133,41.8682,41.3829,41.406,41.4236,41.5658,41.5716,41.534,41.7229,41.4844
41.3769,40.8759,41.1612,41.1133,41.0652,40.8609,41.2465,41.3067,41.386,41.2715,41.3368,41.5588,41.9107,41.579,41.7287,41.3573,41.3593,41.5134,41.5641,41.5664,41.5722,41.5477,41.7035,41.8628,40.7139
40.8662,40.9764,41.1079,41.0599,41.0118,41.2449,41.1457,41.3802,41.3347,41.3249,41.4993,41.9222,41.8994,41.7489,41.3565,41.5191,41.3615,41.4171,41.5669,41.5728,41.5492,41.8178,41.9027,41.9169,40.7419
40.989,41.1756,41.0545,41.1521,40.9289,41.1484,41.3743,41.3289,41.3835,41.4865,41.9342,41.9509,41.5276,41.9016,41.5168,41.3335,41.4937,41.5676,41.5734,41.5793,41.8282,41.9748,42.0041,40.7534,40.87
41.1698,41.1222,40.92,41.2829,41.2283,41.3695,41.3231,41.2777,41.7333,41.9367,42.004,41.5446,41.6974,41.3113,41.3374,41.4028,41.4385,41.574,41.5418,41.5685,41.9805,41.5663,40.7654,40.8816,40.6657
41.1164,41.0689,41.2584,41.14,41.1755,41.3183,41.2718,41.3887,42.0502,42.0151,41.5619,41.7143,41.8672,41.3845,41.403,41.5513,41.5656,41.5796,41.7781,41.7333,41.5265,40.7607,40.8935,41.0097,40.4843
41.063,41.0155,41.14,41.3111,41.3839,41.2729,41.3282,41.5566,41.8952,41.5757,41.7318,41.8841,41.3606,41.5149,41.5521,41.5662,41.572,41.5505,41.9528,41.8415,40.738,40.7232,41.0184,40.7528,40.4339
41.0097,40.9563,41.2804,41.3788,41.3326,41.3377,41.49,41.9227,41.6282,41.7455,41.9016,41.3366,41.3608,41.4155,41.5668,41.5726,41.5784,41.7177,41.7216,41.8706,40.7358,40.8513,40.7673,40.3843,41.002
40.9127,41.2216,41.3735,41.3275,41.2813,41.5006,41.936,41.953,41.5261,41.9048,41.3119,41.3724,41.4931,41.5675,41.5732,41.5516,41.6108,41.8733,40.8501,40.7488,40.864,40.6816,40.3807,40.4758,41.1995
41.2322,41.1864,41.3223,41.4089,41.4261,41.9339,42.0123,41.5451,41.696,41.3071,41.3843,41.5038,41.4391,41.5739,41.5508,41.8439,41.7699,41.9674,40.7589,40.877,40.6738,40.4684,40.4288,40.5986,41.3838
41.1691,41.3873,41.3347,41.8245,41.5978,42.0026,41.5646,41.715,41.349,41.3866,41.5148,41.4276,41.5656,41.5797,41.8381,41.9892,41.766,40.7715,40.8872,41.0051,40.4762,40.4318,40.5577,41.3766,41.3038
41.3818,41.3361,41.5581,42.0885,41.9144,41.5804,41.7345,41.8848,41.5003,41.5168,41.4157,41.5662,41.572,41.5459,41.9857,41.4654,41.7059,40.8987,40.7127,40.7452,40.4328,40.9331,41.3692,41.2966,41.2237
41.3305,41.2848,41.9767,41.8484,41.916,41.7502,41.9043,41.3357,41.3606,41.4135,41.5669,41.5726,41.5784,41.7138,41.4914,40.7029,40.7324,41.0144,40.437,40.3862,40.967,41.1889,41.2891,41.2165,41.3808
41.2793,41.4622,41.9853,41.5301,41.533,41.9003,41.3081,41.3728,41.4039,41.5674,41.5733,41.579,41.6126,41.8815,40.7189,40.7436,40.8606,40.7611,40.4276,40.5004,41.1942,41.3955,41.209,41.1364,41.5726
41.4052,41.6377,41.8169,41.5499,41.7029,41.3129,41.3861,41.5042,41.5555,41.5738,41.5797,41.5797,41.7714,41.9576,40.7553,40.8719,40.9887,40.3823,40.7954,40.6201,41.3876,41.3154,41.131,41.2286,41.663